(kicad_pcb (version 20171130) (host pcbnew "(5.1.9)-1")

  (general
    (thickness 1.6)
    (drawings 4)
    (tracks 530)
    (zones 0)
    (modules 48)
    (nets 90)
  )

  (page A4)
  (layers
    (0 F.Cu signal)
    (31 B.Cu signal)
    (32 B.Adhes user)
    (33 F.Adhes user)
    (34 B.Paste user)
    (35 F.Paste user)
    (36 B.SilkS user)
    (37 F.SilkS user)
    (38 B.Mask user)
    (39 F.Mask user)
    (40 Dwgs.User user)
    (41 Cmts.User user)
    (42 Eco1.User user)
    (43 Eco2.User user)
    (44 Edge.Cuts user)
    (45 Margin user)
    (46 B.CrtYd user)
    (47 F.CrtYd user)
    (48 B.Fab user)
    (49 F.Fab user)
  )

  (setup
    (last_trace_width 0.25)
    (user_trace_width 0.35)
    (trace_clearance 0.2)
    (zone_clearance 0.508)
    (zone_45_only no)
    (trace_min 0.2)
    (via_size 0.8)
    (via_drill 0.4)
    (via_min_size 0.4)
    (via_min_drill 0.3)
    (uvia_size 0.3)
    (uvia_drill 0.1)
    (uvias_allowed no)
    (uvia_min_size 0.2)
    (uvia_min_drill 0.1)
    (edge_width 0.05)
    (segment_width 0.2)
    (pcb_text_width 0.3)
    (pcb_text_size 1.5 1.5)
    (mod_edge_width 0.12)
    (mod_text_size 1 1)
    (mod_text_width 0.15)
    (pad_size 1.524 1.524)
    (pad_drill 0.762)
    (pad_to_mask_clearance 0)
    (aux_axis_origin 0 0)
    (visible_elements 7FFFFFFF)
    (pcbplotparams
      (layerselection 0x010fc_ffffffff)
      (usegerberextensions false)
      (usegerberattributes true)
      (usegerberadvancedattributes true)
      (creategerberjobfile true)
      (excludeedgelayer true)
      (linewidth 0.100000)
      (plotframeref false)
      (viasonmask false)
      (mode 1)
      (useauxorigin false)
      (hpglpennumber 1)
      (hpglpenspeed 20)
      (hpglpendiameter 15.000000)
      (psnegative false)
      (psa4output false)
      (plotreference true)
      (plotvalue true)
      (plotinvisibletext false)
      (padsonsilk false)
      (subtractmaskfromsilk false)
      (outputformat 1)
      (mirror false)
      (drillshape 1)
      (scaleselection 1)
      (outputdirectory ""))
  )

  (net 0 "")
  (net 1 +2V8)
  (net 2 GND)
  (net 3 /VBAT)
  (net 4 VCC)
  (net 5 +24V)
  (net 6 "Net-(C6-Pad1)")
  (net 7 "Net-(C7-Pad1)")
  (net 8 "Net-(C8-Pad2)")
  (net 9 "Net-(C10-Pad1)")
  (net 10 "Net-(D1-Pad2)")
  (net 11 "Net-(D1-Pad3)")
  (net 12 "Net-(D2-Pad2)")
  (net 13 "Net-(IC1-Pad1)")
  (net 14 "Net-(IC1-Pad3)")
  (net 15 "Net-(IC1-Pad4)")
  (net 16 "Net-(IC1-Pad5)")
  (net 17 "Net-(IC1-Pad6)")
  (net 18 "Net-(IC1-Pad7)")
  (net 19 "Net-(IC1-Pad8)")
  (net 20 "Net-(IC1-Pad9)")
  (net 21 "Net-(IC1-Pad10)")
  (net 22 "Net-(IC1-Pad11)")
  (net 23 "Net-(IC1-Pad13)")
  (net 24 "Net-(IC1-Pad14)")
  (net 25 "Net-(IC1-Pad15)")
  (net 26 "Net-(IC1-Pad16)")
  (net 27 "Net-(IC1-Pad17)")
  (net 28 "Net-(IC1-Pad18)")
  (net 29 HEATEN)
  (net 30 HVEN)
  (net 31 SCL)
  (net 32 SDA)
  (net 33 "Net-(J1-Pad2)")
  (net 34 "Net-(J1-Pad3)")
  (net 35 "Net-(J1-Pad4)")
  (net 36 MISO)
  (net 37 "Net-(J3-Pad2)")
  (net 38 SCK)
  (net 39 MOSI)
  (net 40 RST)
  (net 41 INT)
  (net 42 "Net-(R1-Pad2)")
  (net 43 "Net-(R3-Pad1)")
  (net 44 "Net-(R5-Pad1)")
  (net 45 "Net-(R7-Pad2)")
  (net 46 "Net-(R10-Pad2)")
  (net 47 HEAT+)
  (net 48 "Net-(SW1-Pad2)")
  (net 49 "Net-(SW2-Pad2)")
  (net 50 "Net-(U1-Pad4)")
  (net 51 "Net-(U2-Pad3)")
  (net 52 "Net-(U2-Pad4)")
  (net 53 "Net-(U2-Pad6)")
  (net 54 "Net-(U2-Pad7)")
  (net 55 "Net-(U2-Pad9)")
  (net 56 "Net-(U2-Pad10)")
  (net 57 "Net-(U2-Pad13)")
  (net 58 "Net-(U2-Pad16)")
  (net 59 "Net-(U2-Pad17)")
  (net 60 "Net-(U2-Pad18)")
  (net 61 "Net-(U2-Pad19)")
  (net 62 "Net-(U2-Pad20)")
  (net 63 "Net-(U5-Pad4)")
  (net 64 "Net-(U6-Pad3)")
  (net 65 HEAT-)
  (net 66 "Net-(U8-Pad11)")
  (net 67 "Net-(U8-Pad12)")
  (net 68 "Net-(U8-Pad13)")
  (net 69 "Net-(U8-Pad14)")
  (net 70 "Net-(U8-Pad15)")
  (net 71 "Net-(U8-Pad16)")
  (net 72 "Net-(U8-Pad17)")
  (net 73 "Net-(U8-Pad18)")
  (net 74 "Net-(U10-Pad18)")
  (net 75 "Net-(U10-Pad17)")
  (net 76 "Net-(U10-Pad16)")
  (net 77 "Net-(U10-Pad15)")
  (net 78 "Net-(U9-Pad17)")
  (net 79 "Net-(U9-Pad22)")
  (net 80 "Net-(U9-Pad23)")
  (net 81 "Net-(U9-Pad18)")
  (net 82 "Net-(U10-Pad14)")
  (net 83 "Net-(U10-Pad13)")
  (net 84 "Net-(U10-Pad12)")
  (net 85 "Net-(U10-Pad11)")
  (net 86 "Net-(U10-Pad8)")
  (net 87 "Net-(U10-Pad7)")
  (net 88 "Net-(U10-Pad6)")
  (net 89 "Net-(U10-Pad5)")

  (net_class Default "This is the default net class."
    (clearance 0.2)
    (trace_width 0.25)
    (via_dia 0.8)
    (via_drill 0.4)
    (uvia_dia 0.3)
    (uvia_drill 0.1)
    (add_net +24V)
    (add_net +2V8)
    (add_net /VBAT)
    (add_net GND)
    (add_net HEAT+)
    (add_net HEAT-)
    (add_net HEATEN)
    (add_net HVEN)
    (add_net INT)
    (add_net MISO)
    (add_net MOSI)
    (add_net "Net-(C10-Pad1)")
    (add_net "Net-(C6-Pad1)")
    (add_net "Net-(C7-Pad1)")
    (add_net "Net-(C8-Pad2)")
    (add_net "Net-(D1-Pad2)")
    (add_net "Net-(D1-Pad3)")
    (add_net "Net-(D2-Pad2)")
    (add_net "Net-(IC1-Pad1)")
    (add_net "Net-(IC1-Pad10)")
    (add_net "Net-(IC1-Pad11)")
    (add_net "Net-(IC1-Pad13)")
    (add_net "Net-(IC1-Pad14)")
    (add_net "Net-(IC1-Pad15)")
    (add_net "Net-(IC1-Pad16)")
    (add_net "Net-(IC1-Pad17)")
    (add_net "Net-(IC1-Pad18)")
    (add_net "Net-(IC1-Pad3)")
    (add_net "Net-(IC1-Pad4)")
    (add_net "Net-(IC1-Pad5)")
    (add_net "Net-(IC1-Pad6)")
    (add_net "Net-(IC1-Pad7)")
    (add_net "Net-(IC1-Pad8)")
    (add_net "Net-(IC1-Pad9)")
    (add_net "Net-(J1-Pad2)")
    (add_net "Net-(J1-Pad3)")
    (add_net "Net-(J1-Pad4)")
    (add_net "Net-(J3-Pad2)")
    (add_net "Net-(R1-Pad2)")
    (add_net "Net-(R10-Pad2)")
    (add_net "Net-(R3-Pad1)")
    (add_net "Net-(R5-Pad1)")
    (add_net "Net-(R7-Pad2)")
    (add_net "Net-(SW1-Pad2)")
    (add_net "Net-(SW2-Pad2)")
    (add_net "Net-(U1-Pad4)")
    (add_net "Net-(U10-Pad11)")
    (add_net "Net-(U10-Pad12)")
    (add_net "Net-(U10-Pad13)")
    (add_net "Net-(U10-Pad14)")
    (add_net "Net-(U10-Pad15)")
    (add_net "Net-(U10-Pad16)")
    (add_net "Net-(U10-Pad17)")
    (add_net "Net-(U10-Pad18)")
    (add_net "Net-(U10-Pad5)")
    (add_net "Net-(U10-Pad6)")
    (add_net "Net-(U10-Pad7)")
    (add_net "Net-(U10-Pad8)")
    (add_net "Net-(U2-Pad10)")
    (add_net "Net-(U2-Pad13)")
    (add_net "Net-(U2-Pad16)")
    (add_net "Net-(U2-Pad17)")
    (add_net "Net-(U2-Pad18)")
    (add_net "Net-(U2-Pad19)")
    (add_net "Net-(U2-Pad20)")
    (add_net "Net-(U2-Pad3)")
    (add_net "Net-(U2-Pad4)")
    (add_net "Net-(U2-Pad6)")
    (add_net "Net-(U2-Pad7)")
    (add_net "Net-(U2-Pad9)")
    (add_net "Net-(U5-Pad4)")
    (add_net "Net-(U6-Pad3)")
    (add_net "Net-(U8-Pad11)")
    (add_net "Net-(U8-Pad12)")
    (add_net "Net-(U8-Pad13)")
    (add_net "Net-(U8-Pad14)")
    (add_net "Net-(U8-Pad15)")
    (add_net "Net-(U8-Pad16)")
    (add_net "Net-(U8-Pad17)")
    (add_net "Net-(U8-Pad18)")
    (add_net "Net-(U9-Pad17)")
    (add_net "Net-(U9-Pad18)")
    (add_net "Net-(U9-Pad22)")
    (add_net "Net-(U9-Pad23)")
    (add_net RST)
    (add_net SCK)
    (add_net SCL)
    (add_net SDA)
    (add_net VCC)
  )

  (module Resistor_SMD:R_0402_1005Metric_Pad0.72x0.64mm_HandSolder (layer B.Cu) (tedit 5F6BB9E0) (tstamp 60023AB1)
    (at 165 64.75 180)
    (descr "Resistor SMD 0402 (1005 Metric), square (rectangular) end terminal, IPC_7351 nominal with elongated pad for handsoldering. (Body size source: IPC-SM-782 page 72, https://www.pcb-3d.com/wordpress/wp-content/uploads/ipc-sm-782a_amendment_1_and_2.pdf), generated with kicad-footprint-generator")
    (tags "resistor handsolder")
    (path /6002DAD6)
    (attr smd)
    (fp_text reference R1 (at 0 -1.25) (layer B.SilkS)
      (effects (font (size 1 1) (thickness 0.15)) (justify mirror))
    )
    (fp_text value 15k (at 0 -1.17) (layer B.Fab)
      (effects (font (size 1 1) (thickness 0.15)) (justify mirror))
    )
    (fp_line (start 1.1 -0.47) (end -1.1 -0.47) (layer B.CrtYd) (width 0.05))
    (fp_line (start 1.1 0.47) (end 1.1 -0.47) (layer B.CrtYd) (width 0.05))
    (fp_line (start -1.1 0.47) (end 1.1 0.47) (layer B.CrtYd) (width 0.05))
    (fp_line (start -1.1 -0.47) (end -1.1 0.47) (layer B.CrtYd) (width 0.05))
    (fp_line (start -0.167621 -0.38) (end 0.167621 -0.38) (layer B.SilkS) (width 0.12))
    (fp_line (start -0.167621 0.38) (end 0.167621 0.38) (layer B.SilkS) (width 0.12))
    (fp_line (start 0.525 -0.27) (end -0.525 -0.27) (layer B.Fab) (width 0.1))
    (fp_line (start 0.525 0.27) (end 0.525 -0.27) (layer B.Fab) (width 0.1))
    (fp_line (start -0.525 0.27) (end 0.525 0.27) (layer B.Fab) (width 0.1))
    (fp_line (start -0.525 -0.27) (end -0.525 0.27) (layer B.Fab) (width 0.1))
    (fp_text user %R (at 0 0) (layer B.Fab)
      (effects (font (size 0.26 0.26) (thickness 0.04)) (justify mirror))
    )
    (pad 2 smd roundrect (at 0.5975 0 180) (size 0.715 0.64) (layers B.Cu B.Paste B.Mask) (roundrect_rratio 0.25)
      (net 42 "Net-(R1-Pad2)"))
    (pad 1 smd roundrect (at -0.5975 0 180) (size 0.715 0.64) (layers B.Cu B.Paste B.Mask) (roundrect_rratio 0.25)
      (net 4 VCC))
    (model ${KISYS3DMOD}/Resistor_SMD.3dshapes/R_0402_1005Metric.wrl
      (at (xyz 0 0 0))
      (scale (xyz 1 1 1))
      (rotate (xyz 0 0 0))
    )
  )

  (module vfd_watch:101181920001LF (layer F.Cu) (tedit 5FD86348) (tstamp 60023A33)
    (at 183.25 67.5 90)
    (descr 10118192-0001LF)
    (tags Connector)
    (path /6001BAFD)
    (attr smd)
    (fp_text reference J1 (at 0 18.25 90) (layer F.SilkS)
      (effects (font (size 1.27 1.27) (thickness 0.254)))
    )
    (fp_text value USB_B_Micro (at 0 6.75 90) (layer F.SilkS) hide
      (effects (font (size 1.27 1.27) (thickness 0.254)))
    )
    (fp_line (start -1.2 -3.066) (end -1.2 -3.066) (layer F.SilkS) (width 0.2))
    (fp_line (start -1.4 -3.066) (end -1.4 -3.066) (layer F.SilkS) (width 0.2))
    (fp_line (start 3.95 3.079) (end 3.95 2.293) (layer F.SilkS) (width 0.254))
    (fp_line (start -3.95 3.079) (end -3.95 2.293) (layer F.SilkS) (width 0.254))
    (fp_line (start 3.95 3.079) (end -3.95 3.079) (layer F.SilkS) (width 0.254))
    (fp_line (start -5.75 4.079) (end -5.75 -4.079) (layer F.CrtYd) (width 0.1))
    (fp_line (start 5.75 4.079) (end -5.75 4.079) (layer F.CrtYd) (width 0.1))
    (fp_line (start 5.75 -4.079) (end 5.75 4.079) (layer F.CrtYd) (width 0.1))
    (fp_line (start -5.75 -4.079) (end 5.75 -4.079) (layer F.CrtYd) (width 0.1))
    (fp_line (start -3.95 3.079) (end -3.95 -1.971) (layer F.Fab) (width 0.254))
    (fp_line (start 3.95 3.079) (end -3.95 3.079) (layer F.Fab) (width 0.254))
    (fp_line (start 3.95 -1.971) (end 3.95 3.079) (layer F.Fab) (width 0.254))
    (fp_line (start -3.95 -1.971) (end 3.95 -1.971) (layer F.Fab) (width 0.254))
    (fp_text user %R (at 0 0 90) (layer F.Fab)
      (effects (font (size 1.27 1.27) (thickness 0.254)))
    )
    (fp_arc (start -1.3 -3.066) (end -1.4 -3.066) (angle -180) (layer F.SilkS) (width 0.2))
    (fp_arc (start -1.3 -3.066) (end -1.2 -3.066) (angle -180) (layer F.SilkS) (width 0.2))
    (pad 1 smd rect (at -1.3 -1.682 90) (size 0.4 1.35) (layers F.Cu F.Paste F.Mask)
      (net 4 VCC))
    (pad 2 smd rect (at -0.65 -1.682 90) (size 0.4 1.35) (layers F.Cu F.Paste F.Mask)
      (net 33 "Net-(J1-Pad2)"))
    (pad 3 smd rect (at 0 -1.682 90) (size 0.4 1.35) (layers F.Cu F.Paste F.Mask)
      (net 34 "Net-(J1-Pad3)"))
    (pad 4 smd rect (at 0.65 -1.682 90) (size 0.4 1.35) (layers F.Cu F.Paste F.Mask)
      (net 35 "Net-(J1-Pad4)"))
    (pad 5 smd rect (at 1.3 -1.682 90) (size 0.4 1.35) (layers F.Cu F.Paste F.Mask)
      (net 2 GND))
    (pad 6 smd rect (at -3.8 0.993 180) (size 1.9 1.9) (layers F.Cu F.Paste F.Mask)
      (net 2 GND))
    (pad 6 smd rect (at 3.8 0.993 180) (size 1.9 1.9) (layers F.Cu F.Paste F.Mask)
      (net 2 GND))
  )

  (module ivl2:IVL2-7_5-CUTPINS (layer F.Cu) (tedit 5D20CCA5) (tstamp 60027A47)
    (at 126.5 54.75)
    (path /6005FAFB)
    (fp_text reference U9 (at -24 0) (layer F.SilkS)
      (effects (font (size 1 1) (thickness 0.15)))
    )
    (fp_text value IVL2-5_7-CUTPINS (at 7.62 1.27) (layer F.Fab)
      (effects (font (size 1 1) (thickness 0.15)))
    )
    (fp_line (start 59 25.5) (end 57 25.5) (layer F.SilkS) (width 0.15))
    (fp_line (start 0 25.5) (end 0 23.5) (layer F.SilkS) (width 0.15))
    (fp_line (start 59 0) (end 59 2) (layer F.SilkS) (width 0.15))
    (fp_line (start 0 0) (end 2 0) (layer F.SilkS) (width 0.15))
    (fp_circle (center 30 -2) (end 30.863693 -2) (layer F.Fab) (width 0.15))
    (fp_circle (center 22.5 -2) (end 23.313197 -2) (layer F.Fab) (width 0.15))
    (fp_circle (center 35 -2) (end 35.863693 -2) (layer F.Fab) (width 0.15))
    (fp_line (start 10 25.5) (end 10 0) (layer Dwgs.User) (width 0.12))
    (fp_line (start 0 12.75) (end 59 12.75) (layer Dwgs.User) (width 0.12))
    (fp_line (start 0 25.5) (end 2 25.5) (layer F.SilkS) (width 0.12))
    (fp_line (start 59 25.5) (end 59 23.5) (layer F.SilkS) (width 0.12))
    (fp_line (start 57 0) (end 59 0) (layer F.SilkS) (width 0.12))
    (fp_line (start 0 0) (end 0 2) (layer F.SilkS) (width 0.12))
    (fp_line (start -8 14.25) (end 0 14.25) (layer F.Fab) (width 0.12))
    (fp_line (start -8 11.25) (end -8 14.25) (layer F.Fab) (width 0.12))
    (fp_line (start 0 11.25) (end -8 11.25) (layer F.Fab) (width 0.12))
    (fp_text user "Cutout pins 19-21" (at 29.5 1) (layer F.Fab)
      (effects (font (size 1 1) (thickness 0.15)))
    )
    (pad 1 thru_hole circle (at 10 28) (size 1.778 1.778) (drill 1.016) (layers *.Cu *.Mask)
      (net 47 HEAT+))
    (pad 2 thru_hole circle (at 12.5 28) (size 1.778 1.778) (drill 1.016) (layers *.Cu *.Mask)
      (net 66 "Net-(U8-Pad11)"))
    (pad 3 thru_hole circle (at 15 28) (size 1.778 1.778) (drill 1.016) (layers *.Cu *.Mask)
      (net 67 "Net-(U8-Pad12)"))
    (pad 4 thru_hole circle (at 17.5 28) (size 1.778 1.778) (drill 1.016) (layers *.Cu *.Mask)
      (net 67 "Net-(U8-Pad12)"))
    (pad 5 thru_hole circle (at 20 28) (size 1.778 1.778) (drill 1.016) (layers *.Cu *.Mask)
      (net 68 "Net-(U8-Pad13)"))
    (pad 6 thru_hole circle (at 22.5 28) (size 1.778 1.778) (drill 1.016) (layers *.Cu *.Mask)
      (net 69 "Net-(U8-Pad14)"))
    (pad 7 thru_hole circle (at 25 28) (size 1.778 1.778) (drill 1.016) (layers *.Cu *.Mask)
      (net 70 "Net-(U8-Pad15)"))
    (pad 8 thru_hole circle (at 27.5 28) (size 1.778 1.778) (drill 1.016) (layers *.Cu *.Mask)
      (net 71 "Net-(U8-Pad16)"))
    (pad 9 thru_hole circle (at 30 28) (size 1.778 1.778) (drill 1.016) (layers *.Cu *.Mask)
      (net 72 "Net-(U8-Pad17)"))
    (pad 10 thru_hole circle (at 32.5 28) (size 1.778 1.778) (drill 1.016) (layers *.Cu *.Mask)
      (net 72 "Net-(U8-Pad17)"))
    (pad 11 thru_hole circle (at 35 28) (size 1.778 1.778) (drill 1.016) (layers *.Cu *.Mask)
      (net 73 "Net-(U8-Pad18)"))
    (pad 12 thru_hole circle (at 37.5 28) (size 1.778 1.778) (drill 1.016) (layers *.Cu *.Mask)
      (net 77 "Net-(U10-Pad15)"))
    (pad 13 thru_hole circle (at 40 28) (size 1.778 1.778) (drill 1.016) (layers *.Cu *.Mask)
      (net 76 "Net-(U10-Pad16)"))
    (pad 14 thru_hole circle (at 42.5 28) (size 1.778 1.778) (drill 1.016) (layers *.Cu *.Mask)
      (net 75 "Net-(U10-Pad17)"))
    (pad 15 thru_hole circle (at 45 28) (size 1.778 1.778) (drill 1.016) (layers *.Cu *.Mask)
      (net 74 "Net-(U10-Pad18)"))
    (pad 16 thru_hole circle (at 47.5 28) (size 1.778 1.778) (drill 1.016) (layers *.Cu *.Mask)
      (net 65 HEAT-))
    (pad 17 thru_hole circle (at 47.5 -2) (size 1.778 1.778) (drill 1.016) (layers *.Cu *.Mask)
      (net 78 "Net-(U9-Pad17)"))
    (pad 22 thru_hole circle (at 15 -2) (size 1.778 1.778) (drill 1.016) (layers *.Cu *.Mask)
      (net 79 "Net-(U9-Pad22)"))
    (pad 23 thru_hole circle (at 10 -2) (size 1.778 1.778) (drill 1.016) (layers *.Cu *.Mask)
      (net 80 "Net-(U9-Pad23)"))
    (pad 18 thru_hole circle (at 42.5 -2) (size 1.778 1.778) (drill 1.016) (layers *.Cu *.Mask)
      (net 81 "Net-(U9-Pad18)"))
  )

  (module Capacitor_SMD:C_0402_1005Metric_Pad0.74x0.62mm_HandSolder (layer B.Cu) (tedit 5F6BB22C) (tstamp 6002B639)
    (at 159.5 61.5 270)
    (descr "Capacitor SMD 0402 (1005 Metric), square (rectangular) end terminal, IPC_7351 nominal with elongated pad for handsoldering. (Body size source: IPC-SM-782 page 76, https://www.pcb-3d.com/wordpress/wp-content/uploads/ipc-sm-782a_amendment_1_and_2.pdf), generated with kicad-footprint-generator")
    (tags "capacitor handsolder")
    (path /6002ED94)
    (attr smd)
    (fp_text reference C1 (at 0 1.5 180) (layer B.SilkS)
      (effects (font (size 1 1) (thickness 0.15)) (justify mirror))
    )
    (fp_text value 1uf (at 0 -1.16 90) (layer B.Fab)
      (effects (font (size 1 1) (thickness 0.15)) (justify mirror))
    )
    (fp_line (start 1.08 -0.46) (end -1.08 -0.46) (layer B.CrtYd) (width 0.05))
    (fp_line (start 1.08 0.46) (end 1.08 -0.46) (layer B.CrtYd) (width 0.05))
    (fp_line (start -1.08 0.46) (end 1.08 0.46) (layer B.CrtYd) (width 0.05))
    (fp_line (start -1.08 -0.46) (end -1.08 0.46) (layer B.CrtYd) (width 0.05))
    (fp_line (start -0.115835 -0.36) (end 0.115835 -0.36) (layer B.SilkS) (width 0.12))
    (fp_line (start -0.115835 0.36) (end 0.115835 0.36) (layer B.SilkS) (width 0.12))
    (fp_line (start 0.5 -0.25) (end -0.5 -0.25) (layer B.Fab) (width 0.1))
    (fp_line (start 0.5 0.25) (end 0.5 -0.25) (layer B.Fab) (width 0.1))
    (fp_line (start -0.5 0.25) (end 0.5 0.25) (layer B.Fab) (width 0.1))
    (fp_line (start -0.5 -0.25) (end -0.5 0.25) (layer B.Fab) (width 0.1))
    (fp_text user %R (at 0 0 90) (layer B.Fab)
      (effects (font (size 0.25 0.25) (thickness 0.04)) (justify mirror))
    )
    (pad 1 smd roundrect (at -0.5675 0 270) (size 0.735 0.62) (layers B.Cu B.Paste B.Mask) (roundrect_rratio 0.25)
      (net 1 +2V8))
    (pad 2 smd roundrect (at 0.5675 0 270) (size 0.735 0.62) (layers B.Cu B.Paste B.Mask) (roundrect_rratio 0.25)
      (net 2 GND))
    (model ${KISYS3DMOD}/Capacitor_SMD.3dshapes/C_0402_1005Metric.wrl
      (at (xyz 0 0 0))
      (scale (xyz 1 1 1))
      (rotate (xyz 0 0 0))
    )
  )

  (module Capacitor_SMD:C_0402_1005Metric_Pad0.74x0.62mm_HandSolder (layer F.Cu) (tedit 5F6BB22C) (tstamp 60023944)
    (at 173.5 60.25 270)
    (descr "Capacitor SMD 0402 (1005 Metric), square (rectangular) end terminal, IPC_7351 nominal with elongated pad for handsoldering. (Body size source: IPC-SM-782 page 76, https://www.pcb-3d.com/wordpress/wp-content/uploads/ipc-sm-782a_amendment_1_and_2.pdf), generated with kicad-footprint-generator")
    (tags "capacitor handsolder")
    (path /60028848)
    (attr smd)
    (fp_text reference C2 (at 0 1.5 180) (layer F.SilkS)
      (effects (font (size 1 1) (thickness 0.15)))
    )
    (fp_text value 1uf (at 0 1.16 90) (layer F.Fab)
      (effects (font (size 1 1) (thickness 0.15)))
    )
    (fp_line (start -0.5 0.25) (end -0.5 -0.25) (layer F.Fab) (width 0.1))
    (fp_line (start -0.5 -0.25) (end 0.5 -0.25) (layer F.Fab) (width 0.1))
    (fp_line (start 0.5 -0.25) (end 0.5 0.25) (layer F.Fab) (width 0.1))
    (fp_line (start 0.5 0.25) (end -0.5 0.25) (layer F.Fab) (width 0.1))
    (fp_line (start -0.115835 -0.36) (end 0.115835 -0.36) (layer F.SilkS) (width 0.12))
    (fp_line (start -0.115835 0.36) (end 0.115835 0.36) (layer F.SilkS) (width 0.12))
    (fp_line (start -1.08 0.46) (end -1.08 -0.46) (layer F.CrtYd) (width 0.05))
    (fp_line (start -1.08 -0.46) (end 1.08 -0.46) (layer F.CrtYd) (width 0.05))
    (fp_line (start 1.08 -0.46) (end 1.08 0.46) (layer F.CrtYd) (width 0.05))
    (fp_line (start 1.08 0.46) (end -1.08 0.46) (layer F.CrtYd) (width 0.05))
    (fp_text user %R (at 0 0 90) (layer F.Fab)
      (effects (font (size 0.25 0.25) (thickness 0.04)))
    )
    (pad 2 smd roundrect (at 0.5675 0 270) (size 0.735 0.62) (layers F.Cu F.Paste F.Mask) (roundrect_rratio 0.25)
      (net 3 /VBAT))
    (pad 1 smd roundrect (at -0.5675 0 270) (size 0.735 0.62) (layers F.Cu F.Paste F.Mask) (roundrect_rratio 0.25)
      (net 2 GND))
    (model ${KISYS3DMOD}/Capacitor_SMD.3dshapes/C_0402_1005Metric.wrl
      (at (xyz 0 0 0))
      (scale (xyz 1 1 1))
      (rotate (xyz 0 0 0))
    )
  )

  (module Capacitor_SMD:C_0603_1608Metric_Pad1.05x0.95mm_HandSolder (layer F.Cu) (tedit 5B301BBE) (tstamp 60023955)
    (at 137 64 90)
    (descr "Capacitor SMD 0603 (1608 Metric), square (rectangular) end terminal, IPC_7351 nominal with elongated pad for handsoldering. (Body size source: http://www.tortai-tech.com/upload/download/2011102023233369053.pdf), generated with kicad-footprint-generator")
    (tags "capacitor handsolder")
    (path /60045609)
    (attr smd)
    (fp_text reference C3 (at 0 1.75 180) (layer F.SilkS)
      (effects (font (size 1 1) (thickness 0.15)))
    )
    (fp_text value 2.2uf (at 0 1.43 90) (layer F.Fab)
      (effects (font (size 1 1) (thickness 0.15)))
    )
    (fp_line (start -0.8 0.4) (end -0.8 -0.4) (layer F.Fab) (width 0.1))
    (fp_line (start -0.8 -0.4) (end 0.8 -0.4) (layer F.Fab) (width 0.1))
    (fp_line (start 0.8 -0.4) (end 0.8 0.4) (layer F.Fab) (width 0.1))
    (fp_line (start 0.8 0.4) (end -0.8 0.4) (layer F.Fab) (width 0.1))
    (fp_line (start -0.171267 -0.51) (end 0.171267 -0.51) (layer F.SilkS) (width 0.12))
    (fp_line (start -0.171267 0.51) (end 0.171267 0.51) (layer F.SilkS) (width 0.12))
    (fp_line (start -1.65 0.73) (end -1.65 -0.73) (layer F.CrtYd) (width 0.05))
    (fp_line (start -1.65 -0.73) (end 1.65 -0.73) (layer F.CrtYd) (width 0.05))
    (fp_line (start 1.65 -0.73) (end 1.65 0.73) (layer F.CrtYd) (width 0.05))
    (fp_line (start 1.65 0.73) (end -1.65 0.73) (layer F.CrtYd) (width 0.05))
    (fp_text user %R (at 0 0 90) (layer F.Fab)
      (effects (font (size 0.4 0.4) (thickness 0.06)))
    )
    (pad 2 smd roundrect (at 0.875 0 90) (size 1.05 0.95) (layers F.Cu F.Paste F.Mask) (roundrect_rratio 0.25)
      (net 2 GND))
    (pad 1 smd roundrect (at -0.875 0 90) (size 1.05 0.95) (layers F.Cu F.Paste F.Mask) (roundrect_rratio 0.25)
      (net 4 VCC))
    (model ${KISYS3DMOD}/Capacitor_SMD.3dshapes/C_0603_1608Metric.wrl
      (at (xyz 0 0 0))
      (scale (xyz 1 1 1))
      (rotate (xyz 0 0 0))
    )
  )

  (module Capacitor_SMD:C_0805_2012Metric (layer F.Cu) (tedit 5F68FEEE) (tstamp 60023966)
    (at 137 74.5 270)
    (descr "Capacitor SMD 0805 (2012 Metric), square (rectangular) end terminal, IPC_7351 nominal, (Body size source: IPC-SM-782 page 76, https://www.pcb-3d.com/wordpress/wp-content/uploads/ipc-sm-782a_amendment_1_and_2.pdf, https://docs.google.com/spreadsheets/d/1BsfQQcO9C6DZCsRaXUlFlo91Tg2WpOkGARC1WS5S8t0/edit?usp=sharing), generated with kicad-footprint-generator")
    (tags capacitor)
    (path /60047E4E)
    (attr smd)
    (fp_text reference C4 (at 0 -2 180) (layer F.SilkS)
      (effects (font (size 1 1) (thickness 0.15)))
    )
    (fp_text value 4.7uf (at 0 1.68 90) (layer F.Fab)
      (effects (font (size 1 1) (thickness 0.15)))
    )
    (fp_line (start 1.7 0.98) (end -1.7 0.98) (layer F.CrtYd) (width 0.05))
    (fp_line (start 1.7 -0.98) (end 1.7 0.98) (layer F.CrtYd) (width 0.05))
    (fp_line (start -1.7 -0.98) (end 1.7 -0.98) (layer F.CrtYd) (width 0.05))
    (fp_line (start -1.7 0.98) (end -1.7 -0.98) (layer F.CrtYd) (width 0.05))
    (fp_line (start -0.261252 0.735) (end 0.261252 0.735) (layer F.SilkS) (width 0.12))
    (fp_line (start -0.261252 -0.735) (end 0.261252 -0.735) (layer F.SilkS) (width 0.12))
    (fp_line (start 1 0.625) (end -1 0.625) (layer F.Fab) (width 0.1))
    (fp_line (start 1 -0.625) (end 1 0.625) (layer F.Fab) (width 0.1))
    (fp_line (start -1 -0.625) (end 1 -0.625) (layer F.Fab) (width 0.1))
    (fp_line (start -1 0.625) (end -1 -0.625) (layer F.Fab) (width 0.1))
    (fp_text user %R (at 0 0 90) (layer F.Fab)
      (effects (font (size 0.5 0.5) (thickness 0.08)))
    )
    (pad 1 smd roundrect (at -0.95 0 270) (size 1 1.45) (layers F.Cu F.Paste F.Mask) (roundrect_rratio 0.25)
      (net 5 +24V))
    (pad 2 smd roundrect (at 0.95 0 270) (size 1 1.45) (layers F.Cu F.Paste F.Mask) (roundrect_rratio 0.25)
      (net 2 GND))
    (model ${KISYS3DMOD}/Capacitor_SMD.3dshapes/C_0805_2012Metric.wrl
      (at (xyz 0 0 0))
      (scale (xyz 1 1 1))
      (rotate (xyz 0 0 0))
    )
  )

  (module Capacitor_SMD:C_0402_1005Metric_Pad0.74x0.62mm_HandSolder (layer F.Cu) (tedit 5F6BB22C) (tstamp 60023977)
    (at 169.75 60.25 270)
    (descr "Capacitor SMD 0402 (1005 Metric), square (rectangular) end terminal, IPC_7351 nominal with elongated pad for handsoldering. (Body size source: IPC-SM-782 page 76, https://www.pcb-3d.com/wordpress/wp-content/uploads/ipc-sm-782a_amendment_1_and_2.pdf), generated with kicad-footprint-generator")
    (tags "capacitor handsolder")
    (path /6002968A)
    (attr smd)
    (fp_text reference C5 (at 0 1.5 180) (layer F.SilkS)
      (effects (font (size 1 1) (thickness 0.15)))
    )
    (fp_text value 1uf (at 0 1.16 90) (layer F.Fab)
      (effects (font (size 1 1) (thickness 0.15)))
    )
    (fp_line (start 1.08 0.46) (end -1.08 0.46) (layer F.CrtYd) (width 0.05))
    (fp_line (start 1.08 -0.46) (end 1.08 0.46) (layer F.CrtYd) (width 0.05))
    (fp_line (start -1.08 -0.46) (end 1.08 -0.46) (layer F.CrtYd) (width 0.05))
    (fp_line (start -1.08 0.46) (end -1.08 -0.46) (layer F.CrtYd) (width 0.05))
    (fp_line (start -0.115835 0.36) (end 0.115835 0.36) (layer F.SilkS) (width 0.12))
    (fp_line (start -0.115835 -0.36) (end 0.115835 -0.36) (layer F.SilkS) (width 0.12))
    (fp_line (start 0.5 0.25) (end -0.5 0.25) (layer F.Fab) (width 0.1))
    (fp_line (start 0.5 -0.25) (end 0.5 0.25) (layer F.Fab) (width 0.1))
    (fp_line (start -0.5 -0.25) (end 0.5 -0.25) (layer F.Fab) (width 0.1))
    (fp_line (start -0.5 0.25) (end -0.5 -0.25) (layer F.Fab) (width 0.1))
    (fp_text user %R (at 0 0 90) (layer F.Fab)
      (effects (font (size 0.25 0.25) (thickness 0.04)))
    )
    (pad 1 smd roundrect (at -0.5675 0 270) (size 0.735 0.62) (layers F.Cu F.Paste F.Mask) (roundrect_rratio 0.25)
      (net 2 GND))
    (pad 2 smd roundrect (at 0.5675 0 270) (size 0.735 0.62) (layers F.Cu F.Paste F.Mask) (roundrect_rratio 0.25)
      (net 4 VCC))
    (model ${KISYS3DMOD}/Capacitor_SMD.3dshapes/C_0402_1005Metric.wrl
      (at (xyz 0 0 0))
      (scale (xyz 1 1 1))
      (rotate (xyz 0 0 0))
    )
  )

  (module Capacitor_SMD:C_0402_1005Metric_Pad0.74x0.62mm_HandSolder (layer B.Cu) (tedit 5F6BB22C) (tstamp 60023988)
    (at 153.75 70.75 180)
    (descr "Capacitor SMD 0402 (1005 Metric), square (rectangular) end terminal, IPC_7351 nominal with elongated pad for handsoldering. (Body size source: IPC-SM-782 page 76, https://www.pcb-3d.com/wordpress/wp-content/uploads/ipc-sm-782a_amendment_1_and_2.pdf), generated with kicad-footprint-generator")
    (tags "capacitor handsolder")
    (path /60033D2A)
    (attr smd)
    (fp_text reference C6 (at 0.5 1.16) (layer B.SilkS)
      (effects (font (size 1 1) (thickness 0.15)) (justify mirror))
    )
    (fp_text value 1uf (at 0 -1.16) (layer B.Fab)
      (effects (font (size 1 1) (thickness 0.15)) (justify mirror))
    )
    (fp_line (start -0.5 -0.25) (end -0.5 0.25) (layer B.Fab) (width 0.1))
    (fp_line (start -0.5 0.25) (end 0.5 0.25) (layer B.Fab) (width 0.1))
    (fp_line (start 0.5 0.25) (end 0.5 -0.25) (layer B.Fab) (width 0.1))
    (fp_line (start 0.5 -0.25) (end -0.5 -0.25) (layer B.Fab) (width 0.1))
    (fp_line (start -0.115835 0.36) (end 0.115835 0.36) (layer B.SilkS) (width 0.12))
    (fp_line (start -0.115835 -0.36) (end 0.115835 -0.36) (layer B.SilkS) (width 0.12))
    (fp_line (start -1.08 -0.46) (end -1.08 0.46) (layer B.CrtYd) (width 0.05))
    (fp_line (start -1.08 0.46) (end 1.08 0.46) (layer B.CrtYd) (width 0.05))
    (fp_line (start 1.08 0.46) (end 1.08 -0.46) (layer B.CrtYd) (width 0.05))
    (fp_line (start 1.08 -0.46) (end -1.08 -0.46) (layer B.CrtYd) (width 0.05))
    (fp_text user %R (at 0 0) (layer B.Fab)
      (effects (font (size 0.25 0.25) (thickness 0.04)) (justify mirror))
    )
    (pad 2 smd roundrect (at 0.5675 0 180) (size 0.735 0.62) (layers B.Cu B.Paste B.Mask) (roundrect_rratio 0.25)
      (net 2 GND))
    (pad 1 smd roundrect (at -0.5675 0 180) (size 0.735 0.62) (layers B.Cu B.Paste B.Mask) (roundrect_rratio 0.25)
      (net 6 "Net-(C6-Pad1)"))
    (model ${KISYS3DMOD}/Capacitor_SMD.3dshapes/C_0402_1005Metric.wrl
      (at (xyz 0 0 0))
      (scale (xyz 1 1 1))
      (rotate (xyz 0 0 0))
    )
  )

  (module Capacitor_SMD:C_0603_1608Metric_Pad1.05x0.95mm_HandSolder (layer B.Cu) (tedit 5B301BBE) (tstamp 60023999)
    (at 162.25 77.5 270)
    (descr "Capacitor SMD 0603 (1608 Metric), square (rectangular) end terminal, IPC_7351 nominal with elongated pad for handsoldering. (Body size source: http://www.tortai-tech.com/upload/download/2011102023233369053.pdf), generated with kicad-footprint-generator")
    (tags "capacitor handsolder")
    (path /60044013)
    (attr smd)
    (fp_text reference C7 (at -2.25 -0.5 180) (layer B.SilkS)
      (effects (font (size 1 1) (thickness 0.15)) (justify mirror))
    )
    (fp_text value 10nf (at 0 -1.43 90) (layer B.Fab)
      (effects (font (size 1 1) (thickness 0.15)) (justify mirror))
    )
    (fp_line (start 1.65 -0.73) (end -1.65 -0.73) (layer B.CrtYd) (width 0.05))
    (fp_line (start 1.65 0.73) (end 1.65 -0.73) (layer B.CrtYd) (width 0.05))
    (fp_line (start -1.65 0.73) (end 1.65 0.73) (layer B.CrtYd) (width 0.05))
    (fp_line (start -1.65 -0.73) (end -1.65 0.73) (layer B.CrtYd) (width 0.05))
    (fp_line (start -0.171267 -0.51) (end 0.171267 -0.51) (layer B.SilkS) (width 0.12))
    (fp_line (start -0.171267 0.51) (end 0.171267 0.51) (layer B.SilkS) (width 0.12))
    (fp_line (start 0.8 -0.4) (end -0.8 -0.4) (layer B.Fab) (width 0.1))
    (fp_line (start 0.8 0.4) (end 0.8 -0.4) (layer B.Fab) (width 0.1))
    (fp_line (start -0.8 0.4) (end 0.8 0.4) (layer B.Fab) (width 0.1))
    (fp_line (start -0.8 -0.4) (end -0.8 0.4) (layer B.Fab) (width 0.1))
    (fp_text user %R (at 0 0 90) (layer B.Fab)
      (effects (font (size 0.4 0.4) (thickness 0.06)) (justify mirror))
    )
    (pad 1 smd roundrect (at -0.875 0 270) (size 1.05 0.95) (layers B.Cu B.Paste B.Mask) (roundrect_rratio 0.25)
      (net 7 "Net-(C7-Pad1)"))
    (pad 2 smd roundrect (at 0.875 0 270) (size 1.05 0.95) (layers B.Cu B.Paste B.Mask) (roundrect_rratio 0.25)
      (net 2 GND))
    (model ${KISYS3DMOD}/Capacitor_SMD.3dshapes/C_0603_1608Metric.wrl
      (at (xyz 0 0 0))
      (scale (xyz 1 1 1))
      (rotate (xyz 0 0 0))
    )
  )

  (module Capacitor_SMD:C_0603_1608Metric_Pad1.05x0.95mm_HandSolder (layer B.Cu) (tedit 5B301BBE) (tstamp 600239AA)
    (at 128.249998 58.250002 270)
    (descr "Capacitor SMD 0603 (1608 Metric), square (rectangular) end terminal, IPC_7351 nominal with elongated pad for handsoldering. (Body size source: http://www.tortai-tech.com/upload/download/2011102023233369053.pdf), generated with kicad-footprint-generator")
    (tags "capacitor handsolder")
    (path /6009B87A)
    (attr smd)
    (fp_text reference C8 (at -0.000002 1.749998) (layer B.SilkS)
      (effects (font (size 1 1) (thickness 0.15)) (justify mirror))
    )
    (fp_text value 6.5pf (at 0 -1.43 270) (layer B.Fab)
      (effects (font (size 1 1) (thickness 0.15)) (justify mirror))
    )
    (fp_line (start 1.65 -0.73) (end -1.65 -0.73) (layer B.CrtYd) (width 0.05))
    (fp_line (start 1.65 0.73) (end 1.65 -0.73) (layer B.CrtYd) (width 0.05))
    (fp_line (start -1.65 0.73) (end 1.65 0.73) (layer B.CrtYd) (width 0.05))
    (fp_line (start -1.65 -0.73) (end -1.65 0.73) (layer B.CrtYd) (width 0.05))
    (fp_line (start -0.171267 -0.51) (end 0.171267 -0.51) (layer B.SilkS) (width 0.12))
    (fp_line (start -0.171267 0.51) (end 0.171267 0.51) (layer B.SilkS) (width 0.12))
    (fp_line (start 0.8 -0.4) (end -0.8 -0.4) (layer B.Fab) (width 0.1))
    (fp_line (start 0.8 0.4) (end 0.8 -0.4) (layer B.Fab) (width 0.1))
    (fp_line (start -0.8 0.4) (end 0.8 0.4) (layer B.Fab) (width 0.1))
    (fp_line (start -0.8 -0.4) (end -0.8 0.4) (layer B.Fab) (width 0.1))
    (fp_text user %R (at 0 0 270) (layer B.Fab)
      (effects (font (size 0.4 0.4) (thickness 0.06)) (justify mirror))
    )
    (pad 1 smd roundrect (at -0.875 0 270) (size 1.05 0.95) (layers B.Cu B.Paste B.Mask) (roundrect_rratio 0.25)
      (net 2 GND))
    (pad 2 smd roundrect (at 0.875 0 270) (size 1.05 0.95) (layers B.Cu B.Paste B.Mask) (roundrect_rratio 0.25)
      (net 8 "Net-(C8-Pad2)"))
    (model ${KISYS3DMOD}/Capacitor_SMD.3dshapes/C_0603_1608Metric.wrl
      (at (xyz 0 0 0))
      (scale (xyz 1 1 1))
      (rotate (xyz 0 0 0))
    )
  )

  (module Capacitor_SMD:C_0402_1005Metric_Pad0.74x0.62mm_HandSolder (layer B.Cu) (tedit 5F6BB22C) (tstamp 600239BB)
    (at 159 70.75 180)
    (descr "Capacitor SMD 0402 (1005 Metric), square (rectangular) end terminal, IPC_7351 nominal with elongated pad for handsoldering. (Body size source: IPC-SM-782 page 76, https://www.pcb-3d.com/wordpress/wp-content/uploads/ipc-sm-782a_amendment_1_and_2.pdf), generated with kicad-footprint-generator")
    (tags "capacitor handsolder")
    (path /6002E873)
    (attr smd)
    (fp_text reference C9 (at -0.25 1.16) (layer B.SilkS)
      (effects (font (size 1 1) (thickness 0.15)) (justify mirror))
    )
    (fp_text value 1uf (at 0 -1.16) (layer B.Fab)
      (effects (font (size 1 1) (thickness 0.15)) (justify mirror))
    )
    (fp_line (start 1.08 -0.46) (end -1.08 -0.46) (layer B.CrtYd) (width 0.05))
    (fp_line (start 1.08 0.46) (end 1.08 -0.46) (layer B.CrtYd) (width 0.05))
    (fp_line (start -1.08 0.46) (end 1.08 0.46) (layer B.CrtYd) (width 0.05))
    (fp_line (start -1.08 -0.46) (end -1.08 0.46) (layer B.CrtYd) (width 0.05))
    (fp_line (start -0.115835 -0.36) (end 0.115835 -0.36) (layer B.SilkS) (width 0.12))
    (fp_line (start -0.115835 0.36) (end 0.115835 0.36) (layer B.SilkS) (width 0.12))
    (fp_line (start 0.5 -0.25) (end -0.5 -0.25) (layer B.Fab) (width 0.1))
    (fp_line (start 0.5 0.25) (end 0.5 -0.25) (layer B.Fab) (width 0.1))
    (fp_line (start -0.5 0.25) (end 0.5 0.25) (layer B.Fab) (width 0.1))
    (fp_line (start -0.5 -0.25) (end -0.5 0.25) (layer B.Fab) (width 0.1))
    (fp_text user %R (at 0 0) (layer B.Fab)
      (effects (font (size 0.25 0.25) (thickness 0.04)) (justify mirror))
    )
    (pad 1 smd roundrect (at -0.5675 0 180) (size 0.735 0.62) (layers B.Cu B.Paste B.Mask) (roundrect_rratio 0.25)
      (net 2 GND))
    (pad 2 smd roundrect (at 0.5675 0 180) (size 0.735 0.62) (layers B.Cu B.Paste B.Mask) (roundrect_rratio 0.25)
      (net 1 +2V8))
    (model ${KISYS3DMOD}/Capacitor_SMD.3dshapes/C_0402_1005Metric.wrl
      (at (xyz 0 0 0))
      (scale (xyz 1 1 1))
      (rotate (xyz 0 0 0))
    )
  )

  (module Capacitor_SMD:C_0603_1608Metric_Pad1.05x0.95mm_HandSolder (layer B.Cu) (tedit 5B301BBE) (tstamp 600239CC)
    (at 128.25 62.75 270)
    (descr "Capacitor SMD 0603 (1608 Metric), square (rectangular) end terminal, IPC_7351 nominal with elongated pad for handsoldering. (Body size source: http://www.tortai-tech.com/upload/download/2011102023233369053.pdf), generated with kicad-footprint-generator")
    (tags "capacitor handsolder")
    (path /6009AC98)
    (attr smd)
    (fp_text reference C10 (at 0 2.25) (layer B.SilkS)
      (effects (font (size 1 1) (thickness 0.15)) (justify mirror))
    )
    (fp_text value 6.5pf (at 0 -1.43 270) (layer B.Fab)
      (effects (font (size 1 1) (thickness 0.15)) (justify mirror))
    )
    (fp_line (start -0.8 -0.4) (end -0.8 0.4) (layer B.Fab) (width 0.1))
    (fp_line (start -0.8 0.4) (end 0.8 0.4) (layer B.Fab) (width 0.1))
    (fp_line (start 0.8 0.4) (end 0.8 -0.4) (layer B.Fab) (width 0.1))
    (fp_line (start 0.8 -0.4) (end -0.8 -0.4) (layer B.Fab) (width 0.1))
    (fp_line (start -0.171267 0.51) (end 0.171267 0.51) (layer B.SilkS) (width 0.12))
    (fp_line (start -0.171267 -0.51) (end 0.171267 -0.51) (layer B.SilkS) (width 0.12))
    (fp_line (start -1.65 -0.73) (end -1.65 0.73) (layer B.CrtYd) (width 0.05))
    (fp_line (start -1.65 0.73) (end 1.65 0.73) (layer B.CrtYd) (width 0.05))
    (fp_line (start 1.65 0.73) (end 1.65 -0.73) (layer B.CrtYd) (width 0.05))
    (fp_line (start 1.65 -0.73) (end -1.65 -0.73) (layer B.CrtYd) (width 0.05))
    (fp_text user %R (at 0 0 270) (layer B.Fab)
      (effects (font (size 0.4 0.4) (thickness 0.06)) (justify mirror))
    )
    (pad 2 smd roundrect (at 0.875 0 270) (size 1.05 0.95) (layers B.Cu B.Paste B.Mask) (roundrect_rratio 0.25)
      (net 2 GND))
    (pad 1 smd roundrect (at -0.875 0 270) (size 1.05 0.95) (layers B.Cu B.Paste B.Mask) (roundrect_rratio 0.25)
      (net 9 "Net-(C10-Pad1)"))
    (model ${KISYS3DMOD}/Capacitor_SMD.3dshapes/C_0603_1608Metric.wrl
      (at (xyz 0 0 0))
      (scale (xyz 1 1 1))
      (rotate (xyz 0 0 0))
    )
  )

  (module vfd_watch:1616LED (layer F.Cu) (tedit 5FD88CCF) (tstamp 600239D4)
    (at 184 75 180)
    (path /600158BE)
    (fp_text reference D1 (at 2.5 0) (layer F.SilkS)
      (effects (font (size 1 1) (thickness 0.15)))
    )
    (fp_text value LED_Dual_AACC (at 0 -4) (layer F.Fab)
      (effects (font (size 1 1) (thickness 0.15)))
    )
    (pad 1 smd rect (at 0.9 0.475 180) (size 1.2 0.65) (layers F.Cu F.Paste F.Mask)
      (net 4 VCC))
    (pad 2 smd rect (at 0.9 -0.475 180) (size 1.2 0.65) (layers F.Cu F.Paste F.Mask)
      (net 10 "Net-(D1-Pad2)"))
    (pad 4 smd rect (at -0.9 -0.475 180) (size 1.2 0.65) (layers F.Cu F.Paste F.Mask)
      (net 2 GND))
    (pad 3 smd rect (at -0.9 0.475 180) (size 1.2 0.65) (layers F.Cu F.Paste F.Mask)
      (net 11 "Net-(D1-Pad3)"))
  )

  (module Diode_SMD:D_SOD-123F (layer F.Cu) (tedit 587F7769) (tstamp 600239ED)
    (at 133.25 72 90)
    (descr D_SOD-123F)
    (tags D_SOD-123F)
    (path /60040826)
    (attr smd)
    (fp_text reference D2 (at -3.25 0 180) (layer F.SilkS)
      (effects (font (size 1 1) (thickness 0.15)))
    )
    (fp_text value D_Schottky (at 0 2.1 90) (layer F.Fab)
      (effects (font (size 1 1) (thickness 0.15)))
    )
    (fp_line (start -2.2 -1) (end 1.65 -1) (layer F.SilkS) (width 0.12))
    (fp_line (start -2.2 1) (end 1.65 1) (layer F.SilkS) (width 0.12))
    (fp_line (start -2.2 -1.15) (end -2.2 1.15) (layer F.CrtYd) (width 0.05))
    (fp_line (start 2.2 1.15) (end -2.2 1.15) (layer F.CrtYd) (width 0.05))
    (fp_line (start 2.2 -1.15) (end 2.2 1.15) (layer F.CrtYd) (width 0.05))
    (fp_line (start -2.2 -1.15) (end 2.2 -1.15) (layer F.CrtYd) (width 0.05))
    (fp_line (start -1.4 -0.9) (end 1.4 -0.9) (layer F.Fab) (width 0.1))
    (fp_line (start 1.4 -0.9) (end 1.4 0.9) (layer F.Fab) (width 0.1))
    (fp_line (start 1.4 0.9) (end -1.4 0.9) (layer F.Fab) (width 0.1))
    (fp_line (start -1.4 0.9) (end -1.4 -0.9) (layer F.Fab) (width 0.1))
    (fp_line (start -0.75 0) (end -0.35 0) (layer F.Fab) (width 0.1))
    (fp_line (start -0.35 0) (end -0.35 -0.55) (layer F.Fab) (width 0.1))
    (fp_line (start -0.35 0) (end -0.35 0.55) (layer F.Fab) (width 0.1))
    (fp_line (start -0.35 0) (end 0.25 -0.4) (layer F.Fab) (width 0.1))
    (fp_line (start 0.25 -0.4) (end 0.25 0.4) (layer F.Fab) (width 0.1))
    (fp_line (start 0.25 0.4) (end -0.35 0) (layer F.Fab) (width 0.1))
    (fp_line (start 0.25 0) (end 0.75 0) (layer F.Fab) (width 0.1))
    (fp_line (start -2.2 -1) (end -2.2 1) (layer F.SilkS) (width 0.12))
    (fp_text user %R (at -0.127 -1.905 90) (layer F.Fab)
      (effects (font (size 1 1) (thickness 0.15)))
    )
    (pad 1 smd rect (at -1.4 0 90) (size 1.1 1.1) (layers F.Cu F.Paste F.Mask)
      (net 5 +24V))
    (pad 2 smd rect (at 1.4 0 90) (size 1.1 1.1) (layers F.Cu F.Paste F.Mask)
      (net 12 "Net-(D2-Pad2)"))
    (model ${KISYS3DMOD}/Diode_SMD.3dshapes/D_SOD-123F.wrl
      (at (xyz 0 0 0))
      (scale (xyz 1 1 1))
      (rotate (xyz 0 0 0))
    )
  )

  (module vfd_watch:SOP65P640X110-24N (layer F.Cu) (tedit 0) (tstamp 60023A18)
    (at 149.75 61.5 90)
    (descr PCAL6416APW,118)
    (tags "Integrated Circuit")
    (path /600B00E9)
    (attr smd)
    (fp_text reference IC1 (at 0 0 180) (layer F.SilkS)
      (effects (font (size 1.27 1.27) (thickness 0.254)))
    )
